50
0 1 5 2 7 5 2 1 7 9 57 50 50 41 45 44 50 57 50 47 55 50 63 52 69 62 52 50 60 64 63 61 62 64 64 60 69 73 78 75 78 85 71 79 80 86 85 76 89 86
10 0 6 1 7 9 7 9 10 8 56 53 51 56 41 45 42 55 48 45 60 60 67 62 52 64 62 68 60 50 66 78 62 71 60 71 67 72 77 76 71 79 85 77 87 85 75 74 87 84
7 8 0 1 1 3 8 4 1 5 51 48 53 53 40 43 59 42 56 51 52 52 63 50 67 62 52 67 62 50 70 68 75 61 77 70 73 71 60 65 83 72 74 81 77 72 71 86 82 87
5 3 5 0 7 6 3 9 6 9 43 45 58 52 53 41 44 54 40 51 64 64 59 63 50 55 66 60 66 66 77 64 70 76 63 77 71 67 78 70 72 78 86 77 76 80 78 82 71 86
2 4 9 4 0 1 4 5 10 4 42 59 50 42 50 57 57 44 57 44 65 65 62 50 58 68 65 60 62 57 76 64 79 60 79 79 75 70 78 63 71 81 84 81 83 80 81 76 84 80
4 3 7 1 7 0 7 9 5 3 57 52 51 42 49 43 48 56 59 50 51 62 51 68 62 59 53 64 68 60 67 74 68 74 78 78 71 67 74 76 88 78 80 71 75 73 70 83 85 74
8 9 1 8 9 3 0 6 6 4 59 41 54 56 59 49 58 40 50 52 57 52 58 59 55 63 61 63 51 69 60 75 65 66 61 68 76 65 76 66 79 85 84 77 79 86 72 73 84 89
9 9 5 4 9 2 7 0 7 8 43 41 58 53 53 56 51 44 55 44 56 56 57 51 57 56 52 62 50 50 73 70 77 60 61 67 73 69 65 69 73 79 80 76 86 70 81 74 84 77
7 4 9 7 7 9 4 7 0 2 55 41 49 44 55 43 44 43 54 51 67 69 50 64 66 61 59 61 56 62 61 63 76 63 78 70 62 66 72 65 83 74 85 74 70 75 72 80 71 73
3 4 8 7 4 7 1 1 3 0 43 54 42 44 41 51 54 46 47 47 63 60 54 52 50 59 60 62 61 57 61 61 77 62 63 67 69 67 64 77 70 89 87 78 83 87 81 81 74 83
41 59 49 51 50 40 51 56 40 49 0 2 7 3 10 6 8 2 10 9 46 52 42 46 46 51 53 55 49 57 67 55 62 50 58 50 55 56 61 55 63 64 79 63 68 63 62 71 61 68
51 44 48 53 42 59 48 56 57 43 9 0 2 6 5 5 8 4 1 2 43 59 43 54 52 51 45 44 52 40 63 56 57 50 63 54 52 55 67 58 73 65 72 69 62 60 63 78 72 68
58 41 57 46 49 49 59 57 50 40 3 5 0 5 4 7 4 8 1 7 42 44 45 41 57 47 42 54 58 46 62 68 63 67 61 52 56 52 64 51 77 69 60 66 61 64 76 63 61 73
55 59 52 50 45 52 53 43 42 41 4 3 3 0 10 5 6 9 7 5 49 53 45 57 56 57 42 40 58 59 54 66 69 69 53 64 57 67 65 50 71 69 74 71 69 77 78 78 70 66
45 41 51 41 58 43 55 51 53 45 2 10 2 4 0 10 7 3 9 2 55 56 47 56 55 50 50 59 53 48 60 65 55 57 53 51 66 54 61 51 64 64 65 72 65 77 67 76 65 75
56 40 55 44 48 51 56 54 47 42 7 8 7 6 1 0 7 7 2 6 54 54 40 43 41 51 51 50 47 57 67 65 68 60 57 51 55 54 64 56 75 73 60 71 64 68 71 77 69 62
51 46 41 43 57 44 56 40 59 55 9 7 7 8 2 4 0 3 6 4 50 53 55 43 52 42 51 56 52 43 56 58 52 53 61 55 56 52 52 63 74 73 74 61 73 61 63 69 76 72
52 50 51 51 42 50 59 45 43 40 8 7 9 6 1 4 5 0 6 5 44 50 59 55 51 47 57 41 59 55 54 56 60 57 65 67 57 59 55 56 74 75 70 75 74 74 68 73 69 62
52 54 43 59 50 52 58 58 59 56 3 4 1 3 7 9 8 10 0 5 59 47 49 45 56 47 53 42 58 52 67 52 61 64 54 55 61 68 54 54 69 73 64 65 74 68 79 67 79 66
49 46 58 59 41 49 46 59 54 40 3 3 6 10 3 6 1 2 4 0 41 51 46 42 45 54 53 45 43 57 66 51 69 57 53 63 54 57 59 55 74 64 78 71 72 60 79 75 69 73
63 69 55 68 54 56 57 59 64 66 44 58 46 45 56 45 47 55 43 43 0 5 3 1 8 7 4 9 4 10 53 42 48 48 57 49 48 47 44 59 56 56 50 52 63 66 59 65 52 55
64 60 66 52 63 67 59 53 64 50 44 48 50 44 54 54 49 43 55 55 6 0 6 2 4 6 5 5 10 9 42 43 40 51 51 54 54 52 44 45 57 55 60 56 64 54 67 57 63 61
62 55 58 68 61 62 67 63 50 57 55 47 59 47 44 59 51 54 59 50 1 8 0 6 8 1 4 1 5 3 48 45 55 45 45 47 56 44 45 48 62 67 65 51 62 68 63 58 60 54
52 57 64 59 52 61 55 63 58 64 57 55 59 41 41 47 44 54 53 47 2 9 8 0 1 10 10 6 3 4 47 40 42 42 56 57 56 55 57 55 59 56 60 62 56 66 69 56 56 51
66 56 59 58 65 59 54 67 62 60 44 47 44 42 51 47 51 43 59 54 1 1 6 10 0 10 1 10 7 6 43 45 46 49 53 47 54 58 49 46 68 60 59 65 68 58 65 61 66 68
61 55 64 65 66 52 54 54 63 51 51 52 55 46 46 50 40 46 47 45 10 3 5 4 7 0 3 10 9 7 52 46 40 42 58 59 47 45 47 41 65 60 60 56 62 62 67 52 67 59
62 55 68 63 55 60 57 61 67 68 58 41 45 53 50 54 43 40 55 40 10 1 7 2 3 2 0 3 6 4 48 47 46 47 54 40 41 42 56 46 65 60 67 54 55 65 65 68 69 57
53 63 53 64 52 61 52 54 64 68 57 47 57 44 47 47 47 45 42 48 10 5 2 4 4 1 5 0 6 6 43 47 56 49 40 42 48 42 56 56 62 57 61 60 64 69 56 67 63 65
51 52 51 53 53 65 62 56 66 66 40 57 46 51 44 44 58 45 59 58 5 5 2 8 1 2 5 9 0 2 48 53 54 50 43 44 54 44 59 57 69 69 59 67 67 60 65 68 59 55
56 57 64 60 52 52 65 57 64 62 47 52 49 50 57 57 48 57 58 57 1 9 2 8 3 3 8 7 3 0 54 43 48 44 47 42 43 59 58 49 60 54 60 63 59 52 57 68 51 66
72 71 73 61 68 67 69 74 77 66 64 52 56 56 55 66 59 54 60 55 49 42 52 51 47 53 54 45 40 49 0 9 10 1 4 8 7 3 5 5 49 41 47 54 47 40 41 51 49 44
73 78 62 66 74 65 60 77 64 63 54 55 67 67 67 66 50 51 52 57 54 55 56 56 51 45 53 55 43 40 10 0 5 4 7 10 6 9 10 1 57 45 45 46 49 45 55 40 52 44
70 79 75 77 74 69 64 63 67 78 65 60 52 56 61 50 56 59 65 63 41 59 55 54 47 46 52 43 58 57 10 7 0 6 2 4 4 1 4 9 56 46 45 48 53 49 45 58 43 40
69 77 68 73 62 60 70 72 73 78 61 68 59 64 65 62 54 55 52 63 42 51 46 41 40 53 45 59 43 47 5 6 10 0 5 10 3 5 9 3 56 55 57 41 49 49 49 52 40 42
77 61 71 62 68 62 77 66 61 77 66 69 64 66 51 54 59 58 60 67 53 48 59 45 57 46 46 58 54 53 4 1 3 5 0 7 10 8 1 6 49 56 41 46 55 44 51 51 51 50
77 71 79 61 63 78 65 70 68 66 66 60 57 65 59 67 67 68 57 60 55 59 51 53 51 55 55 41 58 59 2 7 9 3 9 0 5 8 2 5 49 43 43 45 55 51 44 51 42 46
71 62 73 63 73 61 74 65 76 67 51 56 66 55 55 51 50 67 55 53 47 50 41 57 47 55 52 51 45 50 1 3 7 4 9 2 0 5 10 2 57 42 40 57 59 42 51 44 54 56
73 74 61 61 67 62 65 60 72 66 56 66 52 59 69 51 62 64 67 64 55 49 42 44 53 55 47 43 59 53 6 9 4 7 6 6 3 0 6 2 41 52 42 54 56 48 57 51 50 55
78 62 77 70 60 65 73 73 72 74 66 59 59 61 66 65 57 68 65 60 52 42 48 50 47 46 42 46 57 50 10 7 1 8 3 8 6 1 0 1 54 41 49 42 52 56 44 50 45 48
64 63 64 78 62 71 70 76 66 79 69 62 65 59 56 67 52 59 58 54 52 48 58 41 43 43 47 59 54 41 4 3 7 10 2 6 7 2 5 0 41 40 57 46 45 50 57 48 51 51
88 80 83 89 84 78 86 72 70 83 69 61 66 68 73 65 70 70 72 64 54 55 69 60 59 56 63 64 66 58 57 57 56 51 48 51 56 47 41 51 0 1 3 8 1 3 1 2 3 4
77 84 75 73 77 87 86 71 70 89 76 64 65 63 72 78 67 79 66 75 55 51 52 65 61 57 52 68 62 63 51 50 59 41 41 40 56 48 58 57 8 0 5 1 8 10 9 6 7 1
80 81 77 84 78 87 81 74 70 83 60 65 74 60 75 74 76 65 73 72 68 61 69 65 67 61 60 61 69 59 56 50 57 50 56 48 52 46 58 45 10 10 0 1 3 6 2 10 8 5
72 79 80 88 73 78 89 75 87 78 71 60 75 68 62 77 71 64 73 61 51 69 63 52 66 69 58 55 54 68 46 48 55 42 51 40 40 55 59 50 8 2 10 0 8 10 4 6 4 6
72 79 89 83 83 77 78 75 73 81 76 68 68 79 69 67 70 62 64 75 53 59 54 51 68 62 52 65 53 57 55 52 42 42 46 58 49 51 52 42 9 4 7 8 0 8 10 8 4 7
81 83 85 72 82 85 79 77 74 84 76 74 76 75 69 60 74 76 79 76 59 65 68 53 60 62 52 68 58 51 41 40 43 49 47 46 57 43 44 59 9 1 4 8 2 0 8 6 2 2
81 84 75 72 72 77 71 80 75 70 68 63 66 70 62 69 75 62 63 66 69 60 62 64 69 63 56 52 59 53 47 59 47 49 42 44 41 53 52 53 3 7 5 6 7 10 0 6 10 4
85 75 84 78 82 80 80 71 82 81 78 68 68 72 76 65 67 63 72 61 54 67 57 55 65 60 68 57 65 60 48 55 48 47 54 50 55 58 43 48 10 2 10 4 9 10 4 0 1 10
75 77 77 83 72 85 70 88 87 87 74 70 64 68 77 61 70 71 67 70 50 63 58 58 61 56 65 51 68 58 59 44 44 48 43 43 53 55 56 57 6 3 4 10 4 8 10 1 0 10
70 76 88 83 84 81 70 74 84 72 69 64 77 77 70 73 67 73 64 67 58 53 50 60 66 52 51 65 58 69 40 42 59 42 45 52 45 52 48 59 3 9 6 1 6 9 5 1 3 0
0 127 186 81 190 134 181 108 190 199 21 54 80 31 71 54 75 9 48 10 67 33 54 75 40 28 37 40 38 7 64 31 17 200 44 60 76 137 67 25 203 31 79 36 14 70 11 181 19 8
176 0 99 113 101 185 108 193 137 133 74 8 52 54 10 70 70 5 57 34 24 24 57 42 20 63 41 26 20 41 31 7 21 74 13 7 33 56 38 69 80 21 71 57 33 35 43 22 132 24
90 89 0 86 137 160 200 101 144 92 68 73 12 129 50 68 28 74 76 61 49 52 6 69 74 53 44 48 12 32 43 75 9 218 18 72 15 22 23 49 147 33 42 63 68 23 77 39 72 57
115 133 95 0 157 177 114 193 144 131 24 70 16 173 67 45 45 26 30 127 45 56 57 39 72 5 24 26 62 5 158 44 35 75 52 74 57 39 71 10 51 68 207 40 22 59 21 40 6 44
143 155 166 89 0 192 80 167 173 171 26 18 148 44 32 17 46 30 30 69 17 7 76 34 15 38 9 42 32 44 74 42 140 70 51 33 40 64 76 7 37 54 7 41 15 53 8 11 39 63
82 184 140 136 185 0 163 199 131 180 59 29 59 24 46 46 23 47 10 57 77 74 56 141 54 19 33 7 53 150 38 64 74 33 58 64 62 169 8 17 39 8 31 33 46 36 16 36 77 67
101 111 102 84 193 111 0 190 198 190 29 57 64 29 53 68 73 26 64 24 6 42 39 63 124 13 39 51 42 5 44 23 47 43 40 17 40 21 13 39 28 10 45 30 52 31 69 27 67 62
91 154 179 179 134 176 116 0 87 169 62 183 42 37 76 65 25 64 62 46 52 44 64 41 28 41 35 80 71 19 33 13 53 31 19 59 27 20 17 13 42 63 67 50 125 75 44 195 27 42
153 159 151 124 158 154 138 84 0 152 39 68 69 41 80 14 63 47 14 67 163 63 40 37 53 64 16 23 48 14 79 35 44 72 11 51 72 6 59 68 36 134 57 130 14 66 43 48 53 75
179 163 110 194 127 188 165 166 152 0 78 5 28 28 14 78 5 8 68 31 62 13 58 203 73 13 18 74 80 75 31 18 34 30 60 18 184 74 176 72 53 61 18 61 27 50 7 48 76 68
65 6 40 59 31 28 26 26 25 62 0 107 133 119 94 112 107 113 112 139 12 25 69 40 58 64 26 76 8 67 79 73 42 62 12 20 38 24 51 73 72 68 10 52 68 63 208 68 69 8
67 72 64 13 43 61 72 17 73 50 196 0 174 157 195 120 191 132 168 89 65 7 43 17 61 10 75 58 8 70 21 23 54 62 57 17 76 73 32 54 41 6 52 62 44 53 34 46 53 77
77 58 38 41 75 158 30 56 21 18 99 191 0 129 135 171 111 90 173 180 71 79 15 58 57 12 16 35 80 67 41 77 37 24 9 50 16 17 22 25 26 75 47 57 32 33 23 52 61 31
10 76 35 53 36 56 59 24 51 18 162 125 88 0 178 83 191 135 126 200 64 76 75 70 64 17 153 38 33 7 44 72 167 79 47 15 76 57 48 9 32 78 20 44 59 201 52 79 55 28
76 70 65 51 59 72 51 32 7 66 109 149 166 127 0 161 112 96 189 195 17 17 76 44 60 157 31 38 29 48 49 21 20 32 78 11 42 14 6 52 21 13 14 177 41 77 44 47 68 26
41 66 16 8 37 44 12 5 75 75 170 186 129 107 149 0 108 196 183 96 72 42 27 60 170 53 79 62 62 72 41 13 33 59 37 34 35 80 64 64 32 39 78 56 32 29 7 47 11 136
73 39 39 55 46 27 24 72 172 42 188 98 150 81 81 87 0 127 103 122 69 60 59 71 25 184 14 62 62 211 45 48 61 29 35 50 158 76 39 43 49 27 17 35 69 14 19 53 34 12
20 18 70 65 68 37 142 15 26 48 190 142 122 124 148 180 80 0 85 133 58 7 5 32 20 54 35 78 32 75 56 190 23 43 29 50 35 6 39 67 55 30 62 17 39 38 9 25 12 55
45 80 52 23 5 65 38 55 57 51 197 170 161 83 109 119 143 191 0 91 22 25 8 24 6 41 147 27 40 69 25 68 36 24 13 55 41 79 23 52 28 33 21 22 13 38 8 28 56 31
52 21 24 27 36 56 41 61 26 13 170 116 194 198 115 151 184 157 102 0 73 74 5 65 12 45 45 79 29 50 24 36 71 67 32 41 48 49 53 61 67 66 53 20 9 56 66 33 26 67
30 75 26 37 63 61 23 41 34 50 24 79 51 78 44 76 71 66 77 71 0 80 175 119 163 148 171 199 168 84 14 9 9 16 27 43 54 15 73 60 61 34 79 52 38 16 10 29 47 26
17 10 6 39 55 9 48 23 44 29 39 52 53 54 19 19 61 37 201 73 140 0 125 186 173 115 162 113 146 130 33 36 64 31 64 41 71 21 74 80 30 51 8 39 22 70 21 126 65 47
79 67 11 52 78 76 8 32 62 39 21 28 74 61 64 62 141 17 25 42 137 115 0 166 151 95 123 129 179 83 57 65 64 24 77 15 74 32 40 70 80 16 32 48 60 49 65 53 52 41
66 23 24 17 21 53 149 20 18 14 60 21 45 19 6 52 19 30 65 79 181 199 191 0 198 180 142 134 168 94 23 6 69 22 12 40 33 7 72 37 178 27 76 12 33 25 11 67 8 9
73 66 5 25 25 42 26 44 13 35 9 64 66 31 76 63 30 30 55 49 193 92 154 100 0 180 170 157 156 153 49 78 63 77 44 58 11 27 18 30 50 28 34 56 10 16 23 29 76 63
7 46 60 78 20 45 63 67 45 59 80 80 51 21 20 31 46 66 13 13 106 182 103 83 119 0 138 100 131 155 30 21 77 52 76 68 19 75 49 53 53 74 15 65 67 60 6 39 163 33
69 80 67 38 10 43 10 70 43 51 44 69 65 51 69 72 32 31 26 35 178 158 189 85 178 163 0 188 180 127 58 40 70 43 21 70 34 70 72 77 7 70 17 71 20 33 13 9 43 21
54 51 186 120 60 50 49 22 202 74 66 48 30 52 18 55 77 21 148 36 100 130 103 113 196 86 160 0 94 86 76 15 22 8 125 76 20 76 43 217 137 65 37 179 32 53 37 42 22 71
79 36 53 61 69 76 76 71 56 66 31 26 43 200 51 40 42 69 64 134 186 152 94 156 105 168 141 97 0 180 8 52 72 60 45 26 52 77 67 36 16 25 49 8 48 5 68 25 46 65
27 44 35 22 68 41 43 67 31 133 59 51 26 46 8 17 71 37 61 65 160 119 81 107 82 108 187 134 195 0 32 36 38 39 7 18 15 25 22 30 16 18 23 27 72 69 50 80 6 65
59 9 51 53 41 36 21 35 28 36 32 15 65 80 7 33 38 73 21 58 32 59 19 29 30 22 72 67 41 77 0 106 122 183 170 169 126 188 198 180 48 18 11 77 25 8 130 67 14 55
45 44 33 55 16 48 17 38 7 52 24 55 7 77 7 66 74 79 19 37 48 66 68 79 50 35 73 51 48 66 144 0 120 183 80 122 186 138 147 184 24 6 59 71 31 59 42 24 39 55
75 180 54 54 12 51 66 37 36 52 8 65 32 73 40 29 47 77 36 35 66 26 43 36 6 162 68 24 80 50 169 91 0 160 92 143 192 129 191 169 55 78 216 27 35 9 69 64 48 64
70 15 31 24 47 9 13 10 62 72 9 37 67 41 60 79 6 24 74 36 11 33 60 59 31 14 8 55 37 76 175 125 96 0 186 191 190 99 199 169 74 80 44 33 40 70 44 67 78 15
10 20 10 11 45 189 14 57 13 18 65 57 23 45 21 51 34 53 12 45 29 10 24 29 80 21 31 22 79 8 171 188 130 178 0 160 80 199 176 129 41 34 17 68 49 70 180 166 7 15
36 73 69 5 23 63 14 5 158 74 37 77 163 69 70 31 26 40 24 31 34 77 78 79 78 25 9 75 35 69 164 119 98 177 138 0 117 127 148 135 5 7 64 77 51 78 39 5 61 17
77 76 24 27 129 34 62 20 76 5 46 12 73 52 70 25 24 38 55 73 67 63 80 79 73 44 77 17 71 79 142 90 111 152 164 80 0 119 111 145 7 58 7 5 78 40 47 14 34 14
8 24 9 78 55 55 45 5 40 66 44 67 14 63 69 36 45 10 78 73 78 70 156 41 50 69 20 72 73 25 153 105 154 97 109 173 112 0 172 106 78 16 47 69 40 20 47 61 37 31
25 6 22 34 24 31 47 80 64 10 39 34 20 75 42 58 156 38 50 5 75 13 45 120 71 6 34 52 78 17 178 158 180 122 80 112 180 168 0 102 43 30 31 54 48 24 29 64 46 52
8 18 26 45 54 14 10 50 63 21 51 19 45 28 49 74 10 48 67 31 80 16 14 12 120 46 76 44 19 78 131 191 199 141 122 90 90 137 166 0 31 34 65 206 46 41 6 131 13 75
61 29 18 36 57 66 68 18 33 53 54 51 27 72 61 65 35 41 13 44 46 10 11 74 56 28 74 41 27 13 36 59 34 74 57 79 62 28 7 25 0 175 128 162 85 179 161 163 158 192
15 77 47 62 68 129 61 5 34 73 22 11 55 66 21 69 22 23 22 80 44 79 16 30 160 28 37 18 15 56 50 57 56 49 10 208 32 28 79 44 164 0 196 118 167 139 160 158 93 139
47 56 17 151 76 15 30 38 42 29 29 60 211 80 62 51 22 54 44 80 22 48 61 45 77 41 142 56 54 69 25 13 7 59 131 79 8 5 13 13 188 99 0 159 181 146 91 164 171 184
64 70 11 69 24 47 37 38 42 30 64 43 70 71 62 47 167 35 130 50 63 71 15 22 63 80 72 35 31 47 12 46 58 43 36 33 76 14 18 64 92 164 86 0 150 168 143 182 175 192
47 197 68 30 192 18 43 53 73 57 39 21 78 29 20 72 75 13 43 57 68 39 32 15 17 66 72 69 45 61 5 190 66 62 72 6 44 76 77 54 141 189 131 147 0 141 115 169 126 135
68 42 43 26 58 8 180 80 52 70 53 78 201 11 210 64 63 22 120 13 29 31 166 49 35 74 69 37 80 78 45 78 80 38 44 20 40 61 8 39 162 144 97 88 120 0 139 155 120 110
11 63 62 49 76 62 55 21 57 77 40 11 77 80 5 39 79 121 74 80 47 26 34 57 7 49 63 5 43 40 69 52 17 79 18 35 18 77 212 6 93 81 152 161 147 134 0 81 97 130
35 9 57 68 63 27 12 72 53 68 17 17 77 33 78 41 80 10 30 30 10 26 31 54 31 59 13 51 65 70 49 54 20 30 71 26 46 70 22 39 164 87 172 96 121 177 86 0 92 178
71 69 42 55 49 149 43 19 9 43 73 61 51 37 76 15 40 128 77 60 51 26 200 77 28 181 28 40 33 16 46 19 71 56 22 59 46 71 55 38 85 188 153 168 182 192 155 148 0 144
20 80 204 24 38 56 52 144 63 9 14 37 77 43 14 13 37 26 33 161 44 64 60 79 29 76 37 53 66 65 35 58 74 41 47 77 42 159 55 17 142 177 193 84 85 192 174 154 128 0
