12
0 12 23 34 45 56 67 78 89 11 22 33
12 0 13 24 35 46 57 68 79 14 25 36
23 13 0 11 12 23 34 45 56 27 38 49
34 24 11 0 13 24 35 46 57 38 49 50
45 35 12 13 0 14 25 36 47 49 60 71
56 46 23 24 14 0 15 26 37 61 72 83
67 57 34 35 25 15 0 16 27 73 84 95
78 68 45 46 36 26 16 0 17 85 96 107
89 79 56 57 47 37 27 17 0 12 23 34
11 14 27 38 49 61 73 85 12 0 13 24
22 25 38 49 60 72 84 96 23 13 0 11
33 36 49 50 71 83 95 107 34 24 11 0
0 15 30 45 60 75 90 105 120 25 50 75
15 0 20 40 35 55 65 85 95 30 60 90
30 20 0 22 44 66 88 110 18 40 80 120
45 40 22 0 11 33 55 77 39 50 100 150
60 35 44 11 0 27 54 81 60 70 110 140
75 55 66 33 27 0 24 48 84 90 130 170
90 65 88 55 54 24 0 20 45 110 150 190
105 85 110 77 81 48 20 0 15 130 170 210
120 95 18 39 60 84 45 15 0 40 80 120
25 30 40 50 70 90 110 130 40 0 12 24
50 60 80 100 110 130 150 170 80 12 0 14
75 90 120 150 140 170 190 210 120 24 14 0
